Neural Parscit
--
True Distribution
[671. 153. 102.  50.  17. 197.  61.  41.  82.  68. 657.  78.  13.]
F1s
[0.94728916 0.70707071 0.79464286 0.71698113 0.17777778 0.77453581
 0.69354839 0.03571429 0.65806452 0.73282443 0.91685063 0.71052632
 0.07692308]
Print average
0.6109806980234879

type, true dist, fi
author, 671.0, 0.947289156626506
booktitle, 153.0, 0.7070707070707071
date, 102.0, 0.7946428571428571
editor, 50.0, 0.7169811320754716
institution, 17.0, 0.17777777777777778
journal, 197.0, 0.7745358090185677
location, 61.0, 0.6935483870967742
note, 41.0, 0.03571428571428571
pages, 82.0, 0.6580645161290323
publisher, 68.0, 0.732824427480916
title, 657.0, 0.9168506254598969
volume, 78.0, 0.7105263157894737
X, 13.0, 0.07692307692307693

Average npc_f1
0.6109806980234879
[[629.   3.   1.   6.   8.  13.   1.   1.   2.   1.   4.   1.   1.]
 [  1. 105.   2.   1.   5.   1.   1.   1.   1.   1.  32.   1.   1.]
 [  1.   1.  89.   1.   1.   1.   1.   1.   2.   1.   1.   1.   1.]
 [  1.   1.   1.  38.   1.   1.   1.   1.   1.   1.   1.   1.   1.]
 [  2.   1.   1.   1.   4.   1.   1.   1.   1.   1.   1.   1.   1.]
 [  6.  17.   1.   1.   1. 146.   1.   2.   1.   1.  16.   3.   1.]
 [  1.   4.   1.   1.   1.   1.  43.   1.   1.   4.   1.   1.   1.]
 [  1.   1.   4.   1.   1.   7.   3.   1.   2.   1.  16.   2.   1.]
 [  3.   1.  14.   2.   1.   1.   1.   1.  51.   1.   1.   4.   1.]
 [  6.   1.   1.   1.   1.   2.   2.   1.   1.  48.   1.   2.   1.]
 [  1.   7.   5.   1.   2.   4.   6.   2.   2.   1. 623.   2.   1.]
 [  4.   1.   1.   1.   1.   1.   1.   1.   7.   1.   4.  54.   1.]
 [  1.   1.   1.   1.   1.   1.   1.   1.   1.   1.   1.   1.   1.]]
Precision: [0.95738204 0.72916667 0.7295082  0.67857143 0.14285714 0.81111111
 0.68253968 0.06666667 0.69863014 0.76190476 0.88746439 0.72972973
 0.07692308]
Recall: [0.93740686 0.68627451 0.87254902 0.76       0.23529412 0.74111675
 0.70491803 0.02439024 0.62195122 0.70588235 0.94824962 0.69230769
 0.07692308]


GROBID
--
True Distribution
[671. 153. 113.  50.  17. 197.  61.  41.  88.  68. 657.  78.  13.]
F1s
[0.97386109 0.63636364 0.86343612 0.60674157 0.21276596 0.7
 0.79338843 0.25       0.54676259 0.69354839 0.93659282 0.75675676
 0.01025641]
Print average
0.6138825979456877

type, true dist, fi
author, 671.0, 0.9738610903659447
booktitle, 153.0, 0.6363636363636364
date, 113.0, 0.8634361233480177
editor, 50.0, 0.6067415730337079
institution, 17.0, 0.2127659574468085
journal, 197.0, 0.7
location, 61.0, 0.7933884297520661
note, 41.0, 0.25
pages, 88.0, 0.5467625899280576
publisher, 68.0, 0.6935483870967742
title, 657.0, 0.9365928189457601
volume, 78.0, 0.7567567567567568
X, 13.0, 0.010256410256410256

Average g_f1
0.6138825979456877
[[652.   1.   1.   1.   8.   1.   1.   1.   1.   1.   1.   1.   1.]
 [  1.  84.   2.   1.   1.   5.   1.   6.   1.   1.  17.   1.  32.]
 [  1.   3.  98.   1.   1.   1.   1.   1.   2.   1.   1.   1.   1.]
 [  1.   1.   1.  27.   1.   1.   1.   1.   1.   1.   3.   1.  10.]
 [  1.   1.   1.   1.   5.   1.   1.   1.   1.   1.   1.   1.   1.]
 [  2.   1.   1.   1.   6. 119.   1.   1.   1.   2.   2.   2.  58.]
 [  1.   1.   1.   1.   1.   2.  48.   1.   1.   1.   1.   1.   1.]
 [  1.   1.   1.   1.   2.   2.   1.   9.   1.   1.   9.   2.  10.]
 [  2.   1.   1.   1.   1.   1.   1.   1.  38.   1.   1.   1.  38.]
 [  1.   2.   1.   1.   1.   7.   1.   4.   1.  43.   1.   1.   4.]
 [  3.  13.   4.   1.   1.   1.   1.   3.   1.   1. 613.   1.  14.]
 [  1.   1.   1.   1.   1.   1.   1.   1.   1.   1.   1.  56.  11.]
 [  1.   1.   1.   1.   1.   1.   1.   1.   1.   1.   1.   1.   1.]]
Precision: [0.9760479  0.75675676 0.85964912 0.69230769 0.16666667 0.83216783
 0.8        0.29032258 0.74509804 0.76785714 0.94018405 0.8
 0.00549451]
Recall: [0.97168405 0.54901961 0.86725664 0.54       0.29411765 0.60406091
 0.78688525 0.2195122  0.43181818 0.63235294 0.93302892 0.71794872
 0.07692308]


Table in LaTex:
--
author & 0.9574 & 0.9760 & 0.9374 & 0.9717 & 0.9473 & 0.9739 \\
booktitle & 0.7292 & 0.7568 & 0.6863 & 0.5490 & 0.7071 & 0.6364 \\
date & 0.7295 & 0.8596 & 0.8725 & 0.8673 & 0.7946 & 0.8634 \\
editor & 0.6786 & 0.6923 & 0.7600 & 0.5400 & 0.7170 & 0.6067 \\
institution & 0.1429 & 0.1667 & 0.2353 & 0.2941 & 0.1778 & 0.2128 \\
journal & 0.8111 & 0.8322 & 0.7411 & 0.6041 & 0.7745 & 0.7000 \\
location & 0.6825 & 0.8000 & 0.7049 & 0.7869 & 0.6935 & 0.7934 \\
note & 0.0667 & 0.2903 & 0.0244 & 0.2195 & 0.0357 & 0.2500 \\
pages & 0.6986 & 0.7451 & 0.6220 & 0.4318 & 0.6581 & 0.5468 \\
publisher & 0.7619 & 0.7679 & 0.7059 & 0.6324 & 0.7328 & 0.6935 \\
title & 0.8875 & 0.9402 & 0.9482 & 0.9330 & 0.9169 & 0.9366 \\
volume & 0.7297 & 0.8000 & 0.6923 & 0.7179 & 0.7105 & 0.7568 \\
X & 0.0769 & 0.0055 & 0.0769 & 0.0769 & 0.0769 & 0.0103 \\